Si1:0     O2:1       0   0   1   1.60458 
          O1:0       0   0   0   1.60725  111.762 
          O3:0       0   0   0   1.61262  108.019  110.816 
          O4:0       0   0   0   1.62426  107.741  111.648  106.802 
          Si13:1     0   0   1   3.06182  123.502  98.074   106.306  17.616  
          Si2:0      0   0   0   3.07180  105.246  18.527   117.132  119.247  88.327  
          Si4:0      0   0   0   3.08448  133.110  97.015   121.089  17.162   92.083   112.862 
          Si16:0     0   0   0   3.10964  104.952  112.437  96.948   109.596  121.559  14.876   99.334  
Si2:0     O6:2       0   1  -1   1.60837 
          O7:0       0   0   0   1.61187  107.197 
          O5:0       0   0   0   1.61348  111.204  109.159 
          O4:0       0   0   0   1.61634  108.829  106.902  113.552 
          Si10:2     0   1  -1   3.06353  98.805   126.122  103.148  18.281  
          Si1:0      0   0   0   3.07180  92.457   18.621   99.432   125.508  103.385 
          Si13:2     0   1  -1   3.09210  108.104  111.117  120.898  16.179   113.659  93.571  
          Si3:0      0   0   0   3.11228  104.727  139.872  96.708   121.359  106.115  14.756   96.880  
Si3:0     O9:2       0   1  -1   1.59810 
          O7:0       0   0   0   1.60691  112.345 
          O8:0       0   0   0   1.61729  113.864  108.295 
          O35:0      0   0   0   1.61850  105.168  106.275  110.645 
          Si18:0     0   0   0   2.96067  22.392   83.571   121.710  113.201 
          Si2:0      0   0   0   3.11228  136.394  120.761  109.548  14.803   102.014 
          Si14:2     0   1  -1   3.16069  98.382   111.947  105.643  118.034  106.938  9.772   
          Si11:2     0   1  -1   3.17861  108.831  107.567  91.890   114.002  10.543   114.570  99.060  
Si4:0     O29:1      1   0   1   1.59116 
          O10:1      0   0   1   1.60998  111.304 
          O3:0       0   0   0   1.61534  109.183  110.848 
          O11:0      0  -1   0   1.61584  108.421  109.591  107.432 
          Si15:0     0   0   0   3.06158  107.350  124.785  96.476   16.575  
          Si5:0      0  -1   0   3.07840  122.926  17.682   91.399   112.519  119.621 
          Si1:0      0   0   0   3.08448  108.295  114.328  125.493  17.132   99.159   103.389 
Si5:0     O14:1      0   0   1   1.59807 
          O13:0      0   0   0   1.60891  110.956 
          O11:0      0   0   0   1.61527  107.910  110.445 
          O12:0      0   0   0   1.62959  113.236  108.778  105.530 
          Si6:0      0   0   0   3.05375  20.041   123.530  116.003  85.543  
          Si10:1     0   0   1   3.06822  101.688  121.630  99.989   104.226  16.187  
          Si4:0      0   1   0   3.07840  93.618   109.628  103.890  17.689   125.593  100.288 
          Si16:0     0   0   0   3.11082  113.101  97.866   131.316  123.250  95.753   15.326   108.210 
Si6:0     O16:2      0   1  -1   1.60457 
          O15:0      0   1   0   1.61580  108.619 
          O17:0      0   0   0   1.61725  109.140  110.197 
          O12:0      0   0   0   1.62201  107.307  109.009  112.515 
          Si5:0      0   0   0   3.05375  20.139   127.228  101.123  99.131  
          Si10:2     0   2  -1   3.07443  114.802  125.522  105.504  17.462   94.865  
          Si7:0      0   0   0   3.08965  99.456   141.284  122.317  17.142   108.020  95.186  
          Si13:2     0   1  -1   3.13498  93.106   107.281  93.373   103.854  106.016  120.747  12.418  
Si7:0     O31:0      0   0   0   1.59897 
          O18:2      0   1  -1   1.61421  106.255 
          O19:0      0   0   0   1.61473  107.649  111.453 
          O17:0      0   0   0   1.61613  109.744  112.171  109.532 
          Si11:2     0   2  -1   3.06633  111.027  123.358  18.798   89.735  
          Si6:0      0   0   0   3.08965  105.839  17.154   101.733  101.788  126.531 
          Si14:2     0   1  -1   3.09925  110.605  106.505  122.064  16.919   91.422   113.150 
          Si17:0     0   0   0   3.15612  115.434  124.047  90.076   107.076  113.274  106.974  2.537   
Si8:0     O20:0      0   0   0   1.60367 
          O30:0      0   0   0   1.60463  107.718 
          O21:0      0   0   0   1.60529  110.201  108.773 
          O22:0      0   0   0   1.61681  109.168  112.720  108.162 
          H11a:2     0   1   0   2.60589  176.519  70.889   64.357   74.904  
          Si12:0     0   0   0   3.03274  86.600   92.759   19.636   108.863  125.821 
          Si16:0     0   0   0   3.08216  115.876  79.196   98.042   121.693  15.397   109.955 
          Si9:0      0   0   0   3.08470  124.974  111.554  77.353   106.045  95.922   121.230  15.308  
          Si16:1     0   0   1   3.19574  108.040  90.900   98.788   170.043  7.813    116.001  105.836  107.996 
Si9:0     O20:0      0   0   0   1.59514 
          O24:0      0   1   0   1.60882  106.928 
          O25:0      0   0   0   1.61833  109.070  109.963 
          O23:0      0   0   0   1.62414  110.057  109.330  111.415 
          Si11:0     0   0   0   2.97527  91.951   22.132   105.103  130.440 
          Si15:0     0   1   0   3.03866  120.530  96.342   127.670  18.999   100.312 
          Si8:0      0   0   0   3.08470  115.112  119.511  104.008  101.517  122.297  15.392  
          Si10:0     0   0   0   3.17387  93.819   106.102  92.224   11.652   107.346  120.340  102.810 
Si10:0    O14:0      0   0   0   1.59690 
          O15:2      0   1   0   1.60794  108.031 
          O23:0      0   0   0   1.61683  109.798  112.343 
          O6:0       0   0   0   1.61705  109.262  110.093  107.269 
          Si2:2      0   1   0   3.06353  18.179   118.449  91.936   113.893 
          Si5:1      0   0   1   3.06822  118.588  107.245  97.844   121.627  16.199  
          Si6:2      0   2   0   3.07443  120.766  105.598  123.170  93.279   17.550   110.875 
          Si9:0      0   0   0   3.17387  103.295  97.503   109.195  98.385   11.705   118.970  113.199 
Si11:0    O25:0      0   0   0   1.59713 
          O8:2       0   1   0   1.61594  111.345 
          O41:0      0   0   0   1.62144  111.547  108.620 
          O18:0      0   1   0   1.62380  110.305  107.628  107.312 
          Si9:0      0   0   0   2.97527  86.630   125.707  111.132  22.442  
          H12a:2     0   1   0   3.05090  75.929   150.866  64.733   100.434  53.491  
          Si7:2      0   2   0   3.06633  168.339  100.989  18.683   110.033  91.177   122.997 
          Si20:0     0   0   0   3.13915  102.841  73.914   138.625  107.095  12.922   101.699  121.046 
          Si3:2      0   1   0   3.17861  104.274  100.421  91.239   104.039  115.842  112.358  10.552   101.727 
Si12:0    O26:0      0   0   0   1.59736 
          O27:0      0   0   0   1.60777  110.409 
          O28:0      0   0   0   1.61226  109.812  110.238 
          O21:0      0   0   0   1.61364  109.605  109.316  107.420 
          Si14:0     0   0   0   3.02372  108.988  92.753   19.111   126.464 
          Si8:0      0   0   0   3.03274  127.461  19.530   99.803   128.819  96.330  
          Si15:0     0   0   0   3.07293  107.055  122.141  121.046  95.977   110.108  16.221  
          H7b:2      0   1   0   3.15237  82.410   73.164   94.895   65.028   171.813  78.201   67.193  
Si13:0    O28:0      0   0   0   1.60490 
          O16:0      0   0   0   1.60546  108.750 
          O5:2       0   1   0   1.60671  109.803  109.833 
          O2:0       0   0   0   1.60758  109.039  109.129  110.274 
          Si1:1      0   0   1   3.06182  17.582   125.166  105.809  96.047  
          Si2:2      0   1   0   3.09210  118.047  104.620  16.249   125.312  97.880  
          Si6:2      0   1   0   3.13498  112.930  114.954  115.086  97.395   12.411   114.343 
Si14:0    O27:0      0   0   0   1.59398 
          O9:0       0   0   0   1.60880  109.034 
          O38:0      0   0   0   1.61796  109.548  106.521 
          O19:2      0   1   0   1.62389  111.475  107.857  112.372 
          Si12:0     0   0   0   3.02372  104.518  125.355  96.236   19.283  
          Si19:0     0   0   0   3.06936  141.712  103.864  16.973   98.953   123.263 
          Si7:2      0   1   0   3.09925  98.225   101.572  16.821   101.566  124.641  104.135 
          Si3:2      0   1   0   3.16069  114.965  100.795  100.017  98.202   113.458  9.706    114.854 
Si15:0    O29:1      1   0   1   1.60217 
          O26:0      0   0   0   1.60253  105.612 
          O24:0      0   0   0   1.60534  108.250  110.359 
          O10:0      0   0   0   1.61935  109.697  110.828  111.971 
          Si9:0      0  -1   0   3.03866  91.162   19.042   120.965  115.698 
          Si4:0      0   0   0   3.06158  114.767  95.840   115.276  116.293  16.457  
          Si12:0     0   0   0   3.07293  131.285  110.489  100.407  101.767  16.168   121.656 
Si16:0    O30:0      0   0   0   1.59314 
          O22:1      0   0   1   1.60902  110.791 
          O1:0       0   0   0   1.61003  108.508  107.280 
          O13:0      0   0   0   1.61608  108.725  110.899  110.523 
          Si8:0      0   0   0   3.08216  117.788  114.637  95.294   15.511  
          Si1:0      0   0   0   3.10964  129.431  97.338   14.850   105.220  121.209 
          Si5:0      0   0   0   3.11082  109.701  112.346  15.256   122.363  98.298   109.156 
          Si8:1      0   0   1   3.19574  99.996   111.495  87.573   113.651  113.288  7.851    103.081 
Si17:0    O31:0      0   0   0   1.56032 
          O34:0      0   1   0   1.60354  112.183 
          O33:1      1   0   1   1.60677  112.261  110.394 
          O32:0      0   0   0   1.72322  111.216  105.188  105.271 
          Si20:1     1   0   1   3.02582  125.647  21.614   116.719  89.900  
          Si18:0     0   1   0   3.09083  102.239  119.974  100.868  15.367   109.035 
          Si7:0      0   0   0   3.15612  108.037  92.466   104.042  112.992  110.559  2.600   
          H16c:3     1   2   1   3.19750  149.396  47.591   78.379   104.979  64.367   51.888   148.866 
Si18:0    O35:0      0   0   0   1.58873 
          O36:0      0   0   0   1.59238  112.717 
          O34:0      0   0   0   1.60200  110.735  112.123 
          O37:0      0   0   0   1.70810  109.088  105.617  106.188 
          H16c:3     1   1   1   2.53904  65.493   71.754   71.360   171.672 
          Si3:0      0   0   0   2.96067  165.297  128.350  104.249  97.811   22.835  
          Si17:0     0  -1   0   3.09083  103.854  68.408   118.364  15.382   95.764   117.349 
          Si19:1     1   0   1   3.15684  106.774  92.562   78.416   101.643  121.872  11.278   104.520 
Si19:0    O38:0      0   0   0   1.59349 
          O39:0      0   0   1   1.60292  111.180 
          O40:2      0   1   0   1.60977  110.329  109.169 
          O36:1      1   0   1   1.62532  104.966  112.938  108.016 
          Si20:3     1   1   2   3.04053  85.966   19.644   123.914  111.533 
          Si14:0     0   0   0   3.06936  108.173  125.175  100.276  102.141  17.242  
          Si18:1     1   0   1   3.15684  129.295  93.772   11.047   111.840  102.035  112.152 
Si20:0    O41:0      0   0   0   1.60039 
          O42:0      0   1   1   1.60499  110.088 
          O40:1      1   0   1   1.61765  112.004  110.066 
          O33:0      0   0   0   1.64237  107.248  107.717  109.629 
          Si17:1     1   0   1   3.02582  21.123   98.839   94.068   130.467 
          Si19:3     1   1   2   3.04053  112.821  125.034  19.544   96.485   106.741 
          Si11:0     0   0   0   3.13915  99.330   142.665  122.233  106.685  100.874  13.095  
O1:0      Si1:0      0   0   0   1.60725 
          Si16:0     0   0   0   1.61003  150.275 
          O30:0      0   0   0   2.57956  36.138   167.798 
          O3:0       0   0   0   2.60525  142.210  166.002  36.060  
          O22:1      0   0   1   2.61262  131.442  61.008   35.733   130.703 
          O13:0      0   0   0   2.62193  60.988   155.134  60.924   35.714   119.166 
          O2:1       0   0   1   2.65900  99.481   97.408   60.401   155.465  119.380  34.087  
          O4:0       0   0   0   2.67351  58.171   98.431   146.762  59.358   134.548  133.778  34.381  
O2:0      Si1:1      0   0   1   1.60458 
          Si13:0     0   0   0   1.60758  144.802 
          O4:1       0   0   1   2.59224  169.655  36.858  
          O5:2       0   1   0   2.61744  146.772  35.469   167.390 
          O16:0      0   0   0   2.61789  60.264   134.376  35.409   128.262 
          O28:0      0   0   0   2.63591  59.562   60.035   150.783  34.830   114.166 
          O3:1       0   0   1   2.64845  98.108   93.580   151.459  59.838   116.230  34.691  
          O1:1       0   0   1   2.65900  58.795   91.613   138.235  133.315  61.195   126.347  34.151  
O3:0      Si1:0      0   0   0   1.61262 
          Si4:0      0   0   0   1.61534  145.707 
          O1:0       0   0   0   2.60525  111.327  35.921  
          O4:0       0   0   0   2.61438  61.621   158.937  36.280  
          O11:0      0  -1   0   2.62103  144.042  146.345  35.796   177.026 
          O10:1      0   0   1   2.62877  60.275   155.675  96.522   35.341   119.508 
          O29:1      1   0   1   2.64019  60.213   58.859   125.034  89.056   34.278   123.887 
          O2:1       0   0   1   2.64845  144.415  102.185  142.672  59.013   60.805   137.525  34.493  
O4:0      Si2:0      0   0   0   1.61634 
          Si1:0      0   0   0   1.62426  142.852 
          O2:1       0   0   1   2.59224  36.340   106.576 
          O7:0       0   0   0   2.59338  142.867  178.538  36.490  
          O3:0       0   0   0   2.61438  143.296  61.149   35.979   147.239 
          O5:0       0   0   0   2.62665  150.779  61.301   89.660   118.919  35.549  
          O1:0       0   0   0   2.67351  109.515  59.021   147.491  60.634   33.971   145.044 
          O6:2       0   1  -1   2.69758  147.063  59.076   114.179  58.625   87.378   120.102  33.131  
          H5a:2      0   1   0   2.88152  120.840  81.876   78.035   122.320  65.882   133.963  115.565  88.638  
O5:0      Si13:2     0   1  -1   1.60671 
          Si2:0      0   0   0   1.61348  147.571 
          O2:2       0   1  -1   2.61744  128.002  35.491  
          O6:2       0   1  -1   2.62556  96.096   35.356   112.969 
          O4:0       0   0   0   2.62665  61.809   122.554  35.622   157.998 
          O16:2      0   1  -1   2.62808  148.147  147.718  59.877   170.623  35.083  
          O28:2      0   1  -1   2.62811  59.533   152.136  90.598   60.331   118.044  35.061  
          O7:0       0   0   0   2.66134  105.006  136.252  58.733   58.709   152.208  34.379   139.420 
O6:0      Si2:2      0   1   0   1.60837 
          Si10:0     0   0   0   1.61705  143.540 
          O14:0      0   0   0   2.58807  36.101   142.596 
          O7:2       0   1   0   2.59190  157.322  125.746  36.447  
          O5:2       0   1   0   2.62556  61.335   133.915  168.071  35.485  
          O23:0      0   0   0   2.63704  155.472  112.011  61.444   35.366   147.796 
          O15:2      0   1   0   2.64327  59.954   141.503  98.116   59.424   34.840   108.727 
          O4:2       0   1   0   2.69758  82.467   140.555  59.115   58.679   111.039  114.528  33.317  
O7:0      Si3:0      0   0   0   1.60691 
          Si2:0      0   0   0   1.61187  150.441 
          O35:0      0   0   0   2.58059  170.332  37.017  
          O6:2       0   1  -1   2.59190  153.302  36.355   120.058 
          O4:0       0   0   0   2.59338  62.697   137.278  36.608   170.776 
          O5:0       0   0   0   2.66134  59.966   59.956   140.383  34.418   129.257 
          O9:2       0   1  -1   2.66248  95.582   155.491  108.267  60.576   122.597  33.722  
          O8:0       0   0   0   2.70196  58.128   137.892  141.333  95.156   58.168   131.499  33.188  
          H5a:2      0   1   0   2.98691  142.518  113.526  75.650   61.703   120.722  85.356   85.082   118.169 
O8:0      Si11:2     0   1  -1   1.61594 
          Si3:0      0   0   0   1.61729  158.905 
          O35:0      0   0   0   2.57001  37.432   157.834 
          O9:2       0   1  -1   2.60619  61.462   35.605   125.188 
          O18:2      0   0  -1   2.61482  157.947  140.560  157.027  36.288  
          O25:2      0   1  -1   2.65346  59.000   98.999   160.434  126.137  34.098  
          O41:2      0   1  -1   2.67673  58.736   60.425   111.369  124.866  142.546  34.293  
          O7:0       0   0   0   2.70196  169.354  114.337  124.646  60.177   58.551   32.948   143.520 
O9:0      Si3:2      0   1   0   1.59810 
          Si14:0     0   0   0   1.60880  160.522 
          O8:2       0   1   0   2.60619  163.254  36.100  
          O27:0      0   0   0   2.60800  134.502  35.294   152.746 
          O19:2      0   1   0   2.61294  61.607   160.431  36.266   124.332 
          O38:0      0   0   0   2.63589  61.386   58.790   133.313  35.341   148.422 
          O35:2      0   1   0   2.64525  115.291  105.220  166.776  58.596   132.797  34.929  
          O7:2       0   1   0   2.66248  58.181   160.522  101.211  122.865  61.695   133.109  33.933  
O10:0     Si4:1      0   0   1   1.60998 
          Si15:0     0   0   0   1.61935  165.700 
          O3:1       0   0   1   2.62877  155.868  35.476  
          O11:1      0  -1   1   2.63582  59.717   142.732  35.278  
          O24:0      0   0   0   2.63662  113.132  146.692  34.976   148.408 
          O29:0     -1   0   0   2.64297  148.176  58.645   60.108   132.731  34.118  
          O26:0      0   0   0   2.65252  132.567  58.871   168.642  121.619  34.380   151.954 
          O29:1      1   0   1   2.67032  57.318   99.386   59.491   127.565  152.751  33.808   132.016 
O11:0     Si5:0      0   0   0   1.61527 
          Si4:0      0   1   0   1.61584  144.629 
          O29:1      1   1   1   2.58518  35.961   154.824 
          O13:0      0   0   0   2.60692  144.157  179.014  35.963  
          O3:0       0   1   0   2.62103  144.995  60.940   35.783   109.667 
          O10:1      0   1   1   2.63582  60.008   143.964  60.816   35.131   137.802 
          O14:1      0   0   1   2.63938  103.239  94.032   60.479   154.353  119.579  34.564  
          O12:0      0   0   0   2.70954  57.410   142.100  87.257   59.333   121.634  121.599  33.549  
O12:0     Si6:0      0   0   0   1.62201 
          Si5:0      0   0   0   1.62959  139.820 
          O14:1      0   0   1   2.56981  36.810   103.075 
          O17:0      0   0   0   2.60905  139.158  173.813  36.285  
          O13:0      0   0   0   2.63289  141.842  61.029   35.349   141.229 
          O15:0      0   1   0   2.63611  148.469  60.295   87.949   119.535  35.417  
          O16:2      0   1  -1   2.68305  58.899   107.813  59.888   82.446   114.317  33.536  
          O11:0      0   0   0   2.70954  142.227  112.585  58.393   152.920  59.923   33.215   147.477 
          H5b:2      0   1   0   3.06197  96.608   105.188  148.021  59.213   87.777   119.121  91.986   115.786 
O13:0     Si5:0      0   0   0   1.60891 
          Si16:0     0   0   0   1.61608  149.419 
          O11:0      0   0   0   2.60692  117.463  36.128  
          O1:0       0   0   0   2.62193  153.020  35.560   165.504 
          O12:0      0   0   0   2.63289  143.867  62.274   168.805  35.873  
          O30:0      0   0   0   2.63724  135.031  58.744   98.818   34.454   134.274 
          O14:1      0   0   1   2.64227  149.312  58.307   131.564  60.368   132.274  34.389  
          O22:1      0   0   1   2.65627  98.484   59.722   154.125  59.333   97.490   34.464   118.409 
          H5b:2      0   1   0   2.83812  136.495  124.996  80.019   67.947   86.963   104.784  102.268  100.942 
O14:0     Si10:0     0   0   0   1.59690 
          Si5:1      0   0   1   1.59807  147.614 
          O12:1      0   0   1   2.56981  37.660   173.826 
          O6:0       0   0   0   2.58807  146.217  133.736  36.630  
          O15:2      0   1   0   2.59329  61.347   137.704  162.264  36.128  
          O11:1      0   0   1   2.63938  129.871  133.575  62.667   34.990   120.088 
          O13:1      0   0   1   2.64227  59.152   160.504  99.634   60.664   34.655   125.472 
          O23:0      0   0   0   2.66970  108.032  86.080   60.151   60.182   148.481  115.706  34.066  
O15:0     Si10:2     0   1  -1   1.60794 
          Si6:0      0  -1   0   1.61580  144.988 
          O14:2      0   1  -1   2.59329  137.363  35.841  
          O16:2      0   0  -1   2.61553  102.974  35.547   114.119 
          O17:0      0  -1   0   2.63438  60.438   153.256  35.448   127.868 
          O12:0      0  -1   0   2.63611  59.343   61.446   134.293  35.574   169.795 
          O23:2      0   1  -1   2.63832  146.399  95.299   87.566   61.361   111.057  35.212  
          O6:2       0   1  -1   2.64327  59.906   151.083  122.469  147.161  59.229   157.810  35.066  
O16:0     Si6:2      0   1   0   1.60457 
          Si13:0     0   0   0   1.60546  155.171 
          O28:0      0   0   0   2.60953  35.618   148.856 
          O15:2      0   0   0   2.61553  143.558  167.522  35.834  
          O2:0       0   0   0   2.61789  133.004  60.563   35.462   149.759 
          O5:2       0   1   0   2.62808  59.860   154.206  60.234   35.114   120.061 
          O17:2      0   1   0   2.64235  105.452  165.309  60.134   113.982  132.043  35.059  
          O12:2      0   1   0   2.68305  58.665   94.751   118.974  59.655   152.497  126.447  33.949  
O17:0     Si7:0      0   0   0   1.61613 
          Si6:0      0   0   0   1.61725  145.704 
          O12:0      0   0   0   2.60905  36.409   164.241 
          O31:0      0   0   0   2.62613  144.829  175.858  35.018  
          O15:0      0   1   0   2.63438  140.482  60.361   35.412   131.964 
          O16:2      0   1  -1   2.64235  59.428   147.605  61.447   34.744   113.626 
          O19:0      0   0   0   2.64242  87.959   137.095  60.538   129.964  122.438  35.110  
          O18:2      0   1  -1   2.68076  58.628   100.672  98.128   57.931   156.540  120.397  33.892  
          H4b:2      0   1   0   3.13005  122.038  78.535   115.882  138.668  67.903   80.993   114.952  88.856  
O18:0     Si7:2      0   1   0   1.61421 
          Si11:0     0  -1   0   1.62380  142.518 
          O31:2      0   1   0   2.57048  108.651  36.668  
          O25:0      0  -1   0   2.59442  143.298  35.995   161.665 
          O19:2      0   1   0   2.60644  154.736  61.721   161.444  36.182  
          O8:2       0   0   0   2.61482  143.871  61.243   83.093   36.084   109.187 
          O41:0      0  -1   0   2.66329  60.939   127.343  59.612   96.847   34.818   131.872 
          O17:2      0   1   0   2.68076  150.879  96.579   59.951   128.302  59.969   131.311  33.937  
O19:0     Si7:0      0   0   0   1.61473 
          Si14:2     0   1  -1   1.62389  146.261 
          O18:2      0   1  -1   2.60644  110.964  36.169  
          O9:2       0   1  -1   2.61294  146.406  35.877   177.061 
          O17:0      0   0   0   2.64242  144.519  61.421   157.275  35.145  
          O31:0      0   0   0   2.65569  59.427   143.505  58.473   137.597  34.082  
          O27:2      0   1  -1   2.67361  142.482  124.196  59.106   89.230   33.457   123.802 
          O38:2      0   1  -1   2.67927  57.483   103.409  155.455  59.729   95.115   34.191   120.935 
          H4a:2      0   1   0   2.94295  119.173  138.528  78.336   76.850   83.039   130.454  117.444  94.316  
O20:0     Si9:0      0   0   0   1.59514 
          Si8:0      0   0   0   1.60367  149.300 
          O24:0      0   1   0   2.57434  173.761  36.717  
          O30:0      0   0   0   2.59092  137.688  36.154   164.512 
          O22:0      0   0   0   2.60811  62.109   145.843  36.089   131.743 
          O21:0      0   0   0   2.60877  60.444   60.835   148.005  35.634   116.889 
          O25:0      0   0   0   2.63176  87.651   133.984  131.956  60.634   123.264  35.308  
          O23:0      0   0   0   2.65972  60.279   109.141  97.615   159.655  60.490   125.327  34.645  
          H11a:2     0   1   0   2.68061  138.523  79.015   58.235   105.887  54.063   107.559  69.814   110.937 
O21:0     Si8:0      0   0   0   1.60529 
          Si12:0     0   0   0   1.61364  140.834 
          H11a:2     0   1   0   2.57458  134.448  73.014  
          O26:0      0   0   0   2.58819  113.434  36.077   115.227 
          O20:0      0   0   0   2.60877  150.512  62.280   163.028  35.593  
          O22:0      0   0   0   2.62591  59.766   98.560   108.506  109.182  35.562  
          O27:0      0   0   0   2.62775  141.978  148.635  60.606   109.029  35.268   175.753 
          O30:0      0   0   0   2.63264  143.289  61.330   59.248   93.623   54.806   129.326  34.891  
          O28:0      0   0   0   2.63611  132.139  60.069   82.152   127.890  60.521   168.893  35.180   117.713 
          H7b:2      0   1   0   2.87161  119.273  73.492   71.848   130.861  112.613  64.670   51.418   84.349   107.509 
O22:0     Si16:1     0   0   1   1.60902 
          Si8:0      0   0   0   1.61681  164.336 
          O20:0      0   0   0   2.60811  35.750   141.408 
          O1:1       0   0   1   2.61262  168.711  151.629  35.759  
          O21:0      0   0   0   2.62591  121.754  59.791   35.270   157.433 
          O30:1      0   0   1   2.63569  151.805  58.877   125.972  130.142  34.408  
          O13:1      0   0   1   2.65627  59.780   147.839  59.679   112.439  148.178  34.637  
          O30:0      0   0   0   2.68197  147.240  98.223   59.459   132.522  58.631   33.496   132.263 
O23:0     Si10:0     0   0   0   1.61683 
          Si9:0      0   0   0   1.62414  156.644 
          O6:0       0   0   0   2.63704  122.428  35.372  
          O24:0      0   1   0   2.63741  157.455  35.142   165.323 
          O15:2      0   1   0   2.63832  140.651  60.140   159.063  34.990  
          O25:0      0   0   0   2.65700  125.734  59.530   102.940  34.900   135.058 
          O20:0      0   0   0   2.65972  59.339   161.174  58.153   101.581  33.941   126.989 
          O14:0      0   0   0   2.66970  109.501  157.702  58.488   134.038  58.374   142.195  33.590  
O24:0     Si15:0     0   0   0   1.60534 
          Si9:0      0  -1   0   1.60882  141.958 
          O20:0      0  -1   0   2.57434  36.355   121.421 
          O26:0      0   0   0   2.59933  157.096  153.237  35.839  
          O25:0      0  -1   0   2.62843  141.287  60.764   35.585   173.055 
          O29:1      1   0   1   2.63318  152.132  58.399   104.551  140.109  34.781  
          O10:0      0   0   0   2.63662  60.891   140.004  60.870   98.239   107.247  35.327  
          O23:0      0  -1   0   2.63741  79.574   136.358  60.606   118.584  61.358   35.527   113.884 
O25:0     Si11:0     0   0   0   1.59713 
          Si9:0      0   0   0   1.61833  135.426 
          H12a:2     0   1   0   2.46187  129.483  95.080  
          O18:0      0   1   0   2.59442  127.675  100.782  36.693  
          O41:0      0   0   0   2.61410  61.504   66.267   154.867  36.001  
          O24:0      0   1   0   2.62843  121.252  87.118   124.036  35.344   122.212 
          O20:0      0   0   0   2.63176  58.602   159.839  135.257  96.545   34.729   163.896 
          O8:2       0   1   0   2.65346  133.442  141.996  61.076   59.757   92.646   127.854  34.557  
          O23:0      0   0   0   2.65700  93.135   60.382   59.864   139.056  78.291   151.964  35.043   105.084 
O26:0     Si12:0     0   0   0   1.59736 
          Si15:0     0   0   0   1.60253  147.611 
          O29:1      1   0   1   2.55285  37.189   173.865 
          O21:0      0   0   0   2.58819  137.449  162.115  36.503  
          O24:0      0   0   0   2.59933  159.771  61.464   35.911   124.671 
          O27:0      0   0   0   2.63204  99.566   60.441   148.658  134.656  34.925  
          O28:0      0   0   0   2.63301  60.054   108.225  60.640   146.496  115.051  35.066  
          O10:0      0   0   0   2.65252  85.249   133.219  60.260   130.065  61.692   34.792   120.302 
          H7b:2      0   1   0   2.93007  155.178  117.314  70.836   116.497  62.353   94.508   127.124  82.638  
          H15b:2     0   1   0   3.09460  46.776   130.322  123.674  64.431   71.837   99.521   85.191   96.834   96.667  
O27:0     Si14:0     0   0   0   1.59398 
          Si12:0     0   0   0   1.60777  141.606 
          O38:0      0   0   0   2.57397  172.835  37.059  
          O9:0       0   0   0   2.60800  61.146   113.929  35.672  
          O21:0      0   0   0   2.62775  95.148   137.707  35.416   130.819 
          O26:0      0   0   0   2.63204  58.954   148.587  150.082  34.666   161.713 
          O28:0      0   0   0   2.63467  59.991   60.123   92.722   145.790  35.150   108.956 
          H15a:2     0   1   0   2.65257  151.626  91.890   103.715  112.889  62.140   118.198  99.187  
          O19:2      0   1   0   2.67361  116.093  86.922   127.558  138.373  59.288   61.369   121.630  34.171  
          H15b:2     0   1   0   3.07787  121.391  30.013   124.260  65.090   99.058   142.657  85.810   97.068   120.916 
          H12b:2     0   1   0   3.13372  70.458   130.553  48.530   128.500  101.506  69.185   82.891   73.231   101.485  96.725  
O28:0     Si13:0     0   0   0   1.60490 
          Si12:0     0   0   0   1.61226  171.399 
          O16:0      0   0   0   2.60953  137.881  35.632  
          O5:2       0   1   0   2.62811  60.233   141.930  35.106  
          O26:0      0   0   0   2.63301  173.782  118.221  34.695   146.863 
          O27:0      0   0   0   2.63467  59.955   114.445  112.025  35.038   136.611 
          O2:0       0   0   0   2.63591  171.304  125.560  59.634   59.876   153.299  34.896  
          O21:0      0   0   0   2.63611  128.273  59.808   58.839   121.745  171.834  35.215   150.354 
O29:0     Si4:1      1   0   1   1.59116 
          Si15:1     1   0   1   1.60217  146.968 
          O26:1      1   0   1   2.55285  37.199   153.009 
          O11:1      1  -1   1   2.58518  169.254  133.333  36.608  
          O24:1      1   0   1   2.63318  109.150  60.137   34.860   142.884 
          O3:1       1   0   1   2.64019  161.317  60.201   130.255  162.941  34.874  
          O10:0      1   0   0   2.64297  59.679   131.090  60.539   124.816  114.596  34.578  
          O10:1      1   0   1   2.67032  80.484   137.520  59.618   114.025  60.990   34.221   113.159 
O30:0     Si16:0     0   0   0   1.59314 
          Si8:0      0   0   0   1.60463  149.093 
          H11a:2     0   1   0   2.39716  78.524   130.840 
          O1:0       0   0   0   2.57956  116.785  147.737  36.582  
          O20:0      0   0   0   2.59092  175.053  64.878   36.129   138.618 
          O21:0      0   0   0   2.63264  59.917   125.029  61.365   34.908   158.536 
          O22:1      0   0   1   2.63569  136.987  116.652  60.115   161.050  114.310  34.800  
          O13:0      0   0   0   2.63724  60.498   162.480  115.028  60.331   101.123  148.622  35.022  
          O22:0      0   0   0   2.68197  134.988  81.775   59.211   59.260   122.251  112.286  33.784   116.231 
O31:0     Si17:0     0   0   0   1.56032 
          Si7:0      0   0   0   1.59897  174.863 
          O18:2      0   1  -1   2.57048  37.076   144.119 
          O33:1      1   0   1   2.60070  126.052  149.746  35.387  
          O32:0      0   0   0   2.61160  63.652   168.517  137.858  39.534  
          O34:0      0   1   0   2.62589  60.628   61.325   116.594  142.197  34.435  
          O17:0      0   0   0   2.62613  118.120  108.463  171.685  62.100   35.450   139.560 
          O19:0      0   0   0   2.65569  60.035   176.317  122.709  121.021  59.805   34.465   149.063 
O32:0     Si17:0     0   0   0   1.72322 
          H3b:2      0   1   0   2.51768  135.672 
          O31:0      0   0   0   2.61160  111.207  35.195  
          O34:0      0   1   0   2.64361  59.953   170.934  35.830  
          H4b:2      0   1   0   2.66877  124.352  75.741   50.898   110.925 
          O33:1      1   0   1   2.74868  122.615  59.212   57.981   115.334  33.021  
          H14c:2     0   2   0   3.06608  147.577  80.506   89.448   115.634  96.798   121.828 
          H9:2       0   1   0   3.15559  35.710   162.169  72.112   123.285  139.768  64.343   157.519 
          H14a:2     0   2   0   3.19532  57.275   29.016   135.621  64.941   80.301   87.450   102.077  102.829 
O33:0     Si17:1     1   0   1   1.60677 
          Si20:0     0   0   0   1.64237  137.264 
          H16b:2     0   2   0   2.57512  99.727   114.936 
          O31:1      1   0   1   2.60070  146.005  104.319  34.219  
          O42:0      0   1   1   2.62254  86.698   99.638   35.660   110.571 
          O40:1      1   0   1   2.62483  61.216   84.116   128.242  36.056   116.815 
          O41:0      0   0   0   2.65040  59.986   59.762   138.933  68.808   34.662   170.332 
          O34:1      1   1   1   2.66555  142.830  141.250  100.247  59.803   86.211   135.898  33.831  
          O32:1      1   0   1   2.74868  58.430   153.532  115.913  144.472  58.367   106.168  151.706  35.763  
          H16c:2     0   2   0   2.89145  90.454   54.280   95.536   153.536  98.997   113.826  32.312   117.761  85.567  
          C16:2      0   2   0   3.03640  18.050   93.103   70.025   85.250   145.006  106.354  129.691  16.820   114.333  98.136  
          H9:2       0   1   0   3.04878  53.819   70.128   76.172   103.547  81.685   112.226  139.215  133.989  50.213   113.758  107.645 
O34:0     Si18:0     0   0   0   1.60200 
          Si17:0     0  -1   0   1.60354  149.251 
          H16c:3     1   1   1   2.54286  98.366   71.495  
          O31:0      0  -1   0   2.62589  125.939  33.383   132.388 
          O36:0      0   0   0   2.62839  110.712  58.539   115.265  34.513  
          O32:0      0  -1   0   2.64361  148.548  59.419   101.094  38.982   168.152 
          O35:0      0   0   0   2.64717  150.428  60.264   113.032  104.980  145.665  33.778  
          O33:1      1  -1   1   2.66555  141.959  62.358   86.705   58.872   67.394   33.908   120.511 
          O37:0      0   0   0   2.69699  121.469  59.129   131.395  59.176   168.967  54.457   152.070  36.763  
          H13b:2     0   1   0   2.80911  72.024   138.936  79.084   79.760   127.329  115.522  108.118  117.133  93.579  
O35:0     Si18:0     0   0   0   1.58873 
          Si3:0      0   0   0   1.61850  134.772 
          O8:0       0   0   0   2.57001  37.400   98.307  
          O7:0       0   0   0   2.58059  63.281   36.708   150.913 
          O37:0      0   0   0   2.63719  154.101  136.692  169.161  38.464  
          O9:2       0   1  -1   2.64525  138.404  61.244   59.943   34.426   131.106 
          O34:0      0   0   0   2.64717  139.712  61.377   117.524  82.959   118.129  34.099  
          O36:0      0   0   0   2.64834  59.517   97.500   59.684   144.767  81.934   110.124  33.685  
          H3a:2      0   1   0   3.02765  109.253  100.680  118.808  52.739   105.754  168.615  134.727  90.455  
          H4a:2      0   1   0   3.10632  42.737   134.502  140.707  79.403   92.813   72.580   130.070  92.751   131.220 
O36:0     Si18:0     0   0   0   1.59238 
          Si19:1     1   0   1   1.62532  157.675 
          H16c:3     1   1   1   2.52940  120.345  72.019  
          O40:3      1   1   1   2.56600  126.248  37.306   152.036 
          O38:1      1   0   1   2.60441  60.645   84.881   35.580   147.299 
          O34:0      0   0   0   2.62839  142.089  130.810  59.040   166.929  34.752  
          O37:0      0   0   0   2.63015  61.711   108.863  167.345  55.433   130.041  38.716  
          O35:0      0   0   0   2.64834  59.947   60.219   150.745  125.209  105.329  128.415  33.598  
          O39:1      1   0   0   2.69105  96.679   109.161  156.884  59.707   60.157   135.830  33.268   124.610 
O37:0     Si18:0     0   0   0   1.70810 
          H1a:3      1   1   1   1.83593  135.986 
          H16c:3     1   1   1   2.40134  71.010   74.173  
          H1b:3      1   1   1   2.45024  80.854   38.466   152.727 
          C1:3       1   1   1   2.53612  21.709   75.626   16.825   148.078 
          H3a:2      0   1   0   2.54027  105.726  95.865   167.078  113.906  106.031 
          O36:0      0   0   0   2.63015  127.299  117.203  134.316  60.155   102.010  35.668  
          O35:0      0   0   0   2.63719  60.369   71.546   168.974  164.906  109.521  154.436  35.348  
          O34:0      0   0   0   2.69699  59.494   59.112   113.292  129.837  121.507  59.500   130.129  34.148  
          H1b:2      0   1   0   2.92961  92.945   91.494   147.080  44.396   93.631   73.491   123.065  109.856  111.413 
          C16:3      1   1   1   3.17536  117.352  67.474   120.339  70.439   160.923  65.443   69.742   11.115   62.658   85.037  
O38:0     Si19:0     0   0   0   1.59349 
          Si14:0     0   0   0   1.61796  145.785 
          O27:0      0   0   0   2.57397  36.420   174.407 
          O36:1      1   0   1   2.60441  141.886  176.255  36.404  
          O40:2      0   1   0   2.61058  58.950   149.884  120.933  35.623  
          O9:0       0   0   0   2.63589  114.751  148.628  60.064   35.111   118.894 
          O39:0      0   0   1   2.63708  87.950   60.329   61.779   141.581  121.730  34.526  
          O19:2      0   1   0   2.67927  122.039  58.885   90.196   143.537  61.148   34.334   123.629 
          H15a:2     0   1   0   2.69816  114.363  121.781  110.542  134.699  81.761   60.360   96.770   116.873 
O39:0     Si19:3     1   1   1   1.60292 
          Si19:0     0   0  -1   1.60292  180.000 
          O40:1      1   0   0   2.63698  145.080  34.920  
          O40:2      0   1  -1   2.63698  180.000  34.920   145.080 
          O38:0      0   0  -1   2.63708  59.338   120.662  34.294   145.706 
          O38:3      1   1   1   2.63708  180.000  120.662  59.338   145.706  34.294  
          O36:1      1   0   0   2.69105  121.487  58.513   57.570   122.430  33.795   146.205 
          O36:2      0   1  -1   2.69105  180.000  58.513   121.487  122.430  57.570   146.205  33.795  
O40:0     Si19:2     0   1  -1   1.60977 
          Si20:1     1   0   1   1.61765  140.812 
          O36:3      1   1   1   2.56600  103.869  37.729  
          O38:2      0   1  -1   2.61058  60.405   134.394  35.208  
          O33:1      1   0   1   2.62483  132.035  139.181  36.696   165.851 
          O39:1      1   0   0   2.63698  156.878  60.333   62.273   154.221  34.750  
          O41:1      1   0   1   2.63714  120.488  60.488   150.236  92.601   34.752   126.611 
          O42:1      1   1   0   2.67177  59.315   143.163  59.350   101.164  80.928   33.846   111.793 
O41:0     Si20:0     0   0   0   1.60039 
          Si11:0     0   0   0   1.62144  153.984 
          O25:0      0   0   0   2.61410  35.379   167.913 
          O42:0      0   1   1   2.62711  157.073  124.296  35.014  
          O40:1      1   0   1   2.63714  60.999   137.097  132.736  35.182  
          O33:0      0   0   0   2.65040  59.526   59.592   137.333  167.700  35.708  
          O18:0      0   1   0   2.66329  137.350  144.459  98.208   58.884   34.877   133.181 
          O8:2       0   1   0   2.67673  58.636   158.109  98.818   108.891  60.187   34.161   124.045 
          H12a:2     0   1   0   2.77741  85.471   113.049  96.793   89.729   148.508  54.236   83.401   113.745 
          H16b:2     0   2   0   2.95321  91.122   147.493  93.767   54.391   113.507  90.543   91.884   113.332  86.816  
O42:0     Si20:3     1   1   1   1.60499 
          Si20:0     0  -1  -1   1.60499  180.000 
          O33:3      1   1   1   2.62254  143.377  36.623  
          O33:0      0  -1  -1   2.62254  180.000  36.623   143.377 
          O41:3      1   1   1   2.62711  119.354  60.646   145.101  34.899  
          O41:0      0  -1  -1   2.62711  180.000  60.646   119.354  34.899   145.101 
          O40:1      1  -1   0   2.67177  59.686   120.314  59.434   120.566  34.150   145.850 
          O40:2      0   1  -1   2.67177  180.000  120.314  59.686   120.566  59.434   145.850  34.150  